1191220036033232897
1189579199595646977
1191222200176525314
1191250010723291136
1178524597148426243
1191189332364857344
1190718956199436288
1187836273131741184
1189290539096645632
1191239898621046784
1191053688623771648
1191297562323668992
1190966108611891201
1189225385902272512
1190991218848780288
1190717756548603904
1191159135351529477
1191255836351447040
1191105282895683584
1191150766309826560
1191290290008543233
1185144994266583040
1191014422929715202
1190566793347321856
1191280677813211136
1191032180555886592
1191274237912375296
1190480808974471169
1190987245530034176
1191271380265918464
1189006951293825024
1191088555436544000
1191236447946326017
1190736095153135617
1191011217277624320
1189011100660097027
1190773334994247680
1189904950983319552
1190968365675737088
1191084398617038849
1190676452255113218
1190724411269287936
1190729615033143298
1190079864830877697
1191052514373881856
1190983092653170693
1191048724795006980
1190087033512849408
1191279137438228480
1191227028219006976
1190959645646561281
1190962591146885120
1191066566017699842
1191301206670360576
1190603319816925186
1190221745778823168
1191082791733215234
1191020751475920897
1191307042671276032
1191088249986527232
1189908873068478466
1190977049919467520
1191305760619319296
1190916651673411585
1191200660173275136
1191233786287185921
1190613084605427712
1190330388415176711
1191097718216609793
1190461216189227014
1189093057540415489
1190843133426372609
1187779594813874178
1190329318406336512
1191249245447315458
1191052422610903046
1190205498534121473
1184333266649792512
1190236555241304065
1184333200686047232
1191122557677768705
1184333265257353216
1190340777995636741
1190241425033551872
1190237239776821248
1180030507532406784
1190673163576848391
1187972124453036032
1189942810155327490
1191202108793655301
1191256276870860800
1190162105338679297
1191061239822258177
1191037364006731778
1191241197370642434
1188123128205135873
1188509434382901253
1191263387784753153
1189482924778778624
1189263139998752769
1190916641737134081
1186735758700244993
1191007179714813953
1190929375673421830
1189490993957081089
1190865730507460608
1182668640115662849
1189859560045121537
1190630128797339649
1190299478508687360
1190716022434738177
1189232999809847299
1191019202079084551
1190968114185408514
1189454987321106432
1130722198472208384
1188431399352619009
1159156438951837696
1188793787088162817
1191074614824165376
1191073048918544384
1186286264586125313
1189951676184178690
1191146749286440960
1190609117875974145
1191218001737113600
1191131971654684672
1190851982929678336
1191326401334517761
1190267520109948929
1191325797296037888
1191068018173984768
1191147048025952257
1190871338514337792
1191245940079939584
1191068556303187969
1191209363861626880
1191184991323131904
1191263057642708992
1191320348781887488
1190999682157289476
1191179861185957888
1191141086699442176
1191018278446977024
1191140342185287681
1190614537298468865
1191262443265245184
1191208909844803584
1191070999804043266
1191271667869323264
1191158825711214592
1191165871567147008
1191319649352327169
1191156308755529728
1191298108015226880
1190249860408197120
1191293551759544320
1191174756415885313
1191318440625098752
1191198969776484352
1191109083623051265
1191192098185322498
1190808240206024704
1186314949850816513
1054738852982743040
1052855731261775872
1099698604929925121
1188065777850580992
1185933278274039809
1187363627575037954
1187701650527379456
1188644478686396416
1190206184281780224
1188970613160869889
1118583754539147265
1191101303100989443
1189589722387091457
1191158255986176000
1190343973195390976
1191275147002613761
1191060397819867139
1190670554971410433
1191094212701413377
1187652718682398721
1189149163751120896
1191248530771345410
1191072423178887173
1187624920282533889
1191310621213515776
1190613751139119104
1188785909849874432
1191103602506506242
1191019528802754560
1191067797591384067
1189849799475941376
1187797865311145984
1191080363998756864
1191288958321405952
1191082032924938240
1190562278686412800
1191165665937428480
1191118261842149376
1191317279767760896
1191280968264339456
1186565332372209664
1191027501281230849
1191131697888165889
1191085245950382080
1190770454723747842
1191060669715681280
1191156668878479361
1190722313093877765
1191101015329845260
1191306485730598913
1191006792924487680
1191179209214816256
1189914359310553088
1191291369437966336
1191019956579840003
1191235503158370304
1191179599868153856
1191198493513113602
1190463601443655682
1191183884710563841
